trip_id,arrival_time,departure_time,stop_id,stop_sequence,stop_headsign,pickup_type,drop_off_type,shape_dist_traveled,timepoint,ticketing_type
499,17:40:00,17:40:00,119,1,,,,,1,
499,18:00:00,18:01:00,34,2,,,,23734.4,1,
499,18:12:00,18:14:00,322,3,,,,34150.2,1,
499,18:24:00,18:26:00,6,4,,,,47066.7,1,
499,18:49:00,18:51:00,70,5,,,,78192.9,1,
499,19:16:00,19:18:00,114,6,,,,100589.6,1,
499,19:57:00,19:59:00,7,7,,,,142217.9,1,
499,20:25:00,20:27:00,11,8,,,,160082.4,1,
499,21:13:00,21:18:00,93,9,,,,194855.1,1,
499,21:39:00,21:41:00,14,10,,,,227069.5,1,
499,22:07:00,22:09:00,280,11,,,,267783.8,1,
499,22:24:00,22:24:00,341,12,,,,289524.0,1,
495,08:43:00,08:43:00,618,1,,,,,1,
495,09:25:00,09:29:00,601,2,,,,70565.8,1,
495,10:05:00,10:06:00,78,3,,,,125076.6,1,
495,10:39:00,10:47:00,93,4,,,,174040.5,1,
495,11:07:00,11:08:00,323,5,,,,204755.1,1,
495,11:23:00,11:26:00,282,6,,,,219902.8,1,
495,11:55:00,11:58:00,162,7,,,,262584.2,1,
495,12:29:00,12:32:00,600,8,,,,303238.4,1,
495,12:45:00,12:47:00,436,9,,,,324417.7,1,
495,13:11:00,13:11:00,119,10,,,,358768.9,1,
496,13:46:00,13:46:00,618,1,,,,,1,
496,14:28:00,14:31:00,601,2,,,,70565.8,1,
496,15:03:00,15:04:00,78,3,,,,125076.6,1,
496,15:38:00,15:44:00,93,4,,,,174040.5,1,
496,16:39:00,16:41:00,162,5,,,,262584.2,1,
496,17:10:00,17:14:00,600,6,,,,303238.4,1,
496,17:27:00,17:29:00,436,7,,,,324417.7,1,
496,17:53:00,17:53:00,119,8,,,,358768.9,1,
497,17:40:00,17:40:00,618,1,,,,,1,
497,18:24:00,18:28:00,601,2,,,,70565.8,1,
497,18:59:00,19:00:00,78,3,,,,125076.6,1,
497,19:32:00,19:38:00,93,4,,,,174040.5,1,
497,19:57:00,19:58:00,323,5,,,,204755.1,1,
497,20:08:00,20:10:00,282,6,,,,219902.8,1,
497,20:39:00,20:41:00,162,7,,,,262584.2,1,
497,21:09:00,21:11:00,600,8,,,,303238.4,1,
497,21:24:00,21:26:00,436,9,,,,324417.7,1,
497,21:50:00,21:50:00,119,10,,,,358768.9,1,
490,17:22:00,17:22:00,119,1,,,,,1,
490,17:45:00,17:48:00,436,2,,,,34351.2,1,
490,18:01:00,18:04:00,600,3,,,,55530.4,1,
490,18:33:00,18:36:00,162,4,,,,96184.6,1,
490,19:04:00,19:06:00,282,5,,,,138866.1,1,
490,19:19:00,19:20:00,323,6,,,,154013.8,1,
490,19:47:00,19:53:00,93,7,,,,184728.4,1,
490,20:21:00,20:22:00,78,8,,,,233692.2,1,
490,20:55:00,20:58:00,601,9,,,,288203.1,1,
490,21:50:00,21:50:00,618,10,,,,358768.9,1,
492,05:35:00,05:35:00,618,1,,,,,1,
492,06:19:00,06:23:00,601,2,,,,70565.8,1,
492,07:25:00,07:35:00,93,3,,,,174040.5,1,
492,07:55:00,07:57:00,323,4,,,,204755.1,1,
492,08:08:00,08:12:00,282,5,,,,219902.8,1,
492,08:44:00,08:48:00,162,6,,,,262584.2,1,
492,09:25:00,09:31:00,600,7,,,,303238.4,1,
492,09:43:00,09:46:00,436,8,,,,324417.7,1,
492,10:10:00,10:10:00,119,9,,,,358768.9,1,
541,14:17:00,14:17:00,617,1,,,,1.0,1,
541,15:03:00,15:05:00,344,2,,,,86059.5,1,
541,15:49:00,15:53:00,332,3,,,,167336.8,1,
541,16:15:00,16:40:00,226,4,,,,185451.1,1,
541,16:53:00,16:54:00,343,5,,,,191559.8,1,
541,17:20:00,17:21:00,631,6,,,,238690.8,1,
541,18:05:00,18:07:00,630,7,,,,285376.4,1,
541,19:44:00,19:46:00,492,8,,,,430262.6,1,
541,19:52:00,19:54:00,629,9,,1,,435508.0,1,
541,20:19:00,20:19:00,628,10,,,,455299.5,1,
269,09:00:00,09:00:00,621,1,,,,,1,
269,09:10:00,09:10:00,220,2,,3,3,,1,
269,09:15:00,09:15:00,2,3,,3,3,,1,
269,09:19:00,09:19:00,184,4,,3,3,,1,
269,09:30:00,09:30:00,192,5,,3,3,,1,
269,09:45:00,09:50:00,312,6,,,,,1,
269,10:05:00,10:05:00,199,7,,3,3,,1,
269,10:12:00,10:12:00,329,8,,3,3,,1,
269,10:25:00,10:25:00,248,9,,3,3,,1,
269,10:30:00,10:30:00,287,10,,3,3,,1,
269,10:40:00,10:40:00,639,11,,,,,1,
269,10:50:00,10:50:00,218,12,,3,3,,1,
269,10:55:00,10:55:00,638,13,,,,,1,
269,11:20:00,11:20:00,15,14,,,,,1,
269,11:30:00,11:30:00,315,15,,3,3,,1,
269,11:45:00,11:45:00,265,16,,,,,1,
269,12:05:00,12:05:00,128,17,,3,3,,1,
269,12:20:00,12:20:00,266,18,,3,3,,1,
269,12:35:00,12:35:00,164,19,,3,3,,1,
269,12:40:00,12:40:00,420,20,,3,3,,1,
269,12:55:00,12:55:00,230,21,,3,3,,1,
269,13:05:00,13:05:00,409,22,,3,3,,1,
269,13:20:00,13:35:00,205,23,,,,,1,
269,13:50:00,13:50:00,429,24,,3,3,,1,
269,14:00:00,14:00:00,395,25,,3,3,,1,
269,14:10:00,14:10:00,360,26,,3,3,,1,
269,14:30:00,14:30:00,324,27,,3,3,,1,
269,14:45:00,14:45:00,410,28,,,,,1,
269,15:10:00,15:10:00,376,29,,,,,1,
269,15:30:00,15:30:00,391,30,,3,3,,1,
269,15:50:00,15:50:00,127,31,,,,,1,
269,16:00:00,16:00:00,637,32,,3,3,,1,
269,16:25:00,16:25:00,214,33,,3,3,,1,
269,16:35:00,16:35:00,636,34,,3,3,,1,
269,16:50:00,16:50:00,293,35,,3,3,,1,
269,17:05:00,17:05:00,116,36,,,,,1,
537,08:58:00,08:58:00,444,1,,,,,1,
537,09:32:00,09:33:00,453,2,,,,31139.6,1,
537,10:09:00,10:11:00,439,3,,,,66221.4,1,
537,10:47:00,10:48:00,404,4,,3,3,92773.5,1,
537,11:12:00,11:12:00,52,5,,,,113561.9,1,
537,11:25:00,11:25:00,177,6,,3,3,123610.2,1,
537,11:28:00,11:28:00,51,7,,,,125636.2,1,
537,11:38:00,11:38:00,247,8,,3,3,133338.7,1,
537,11:39:00,11:39:00,161,9,,3,3,133880.0,1,
537,11:51:00,11:51:00,245,10,,3,3,143362.6,1,
537,12:01:00,12:01:00,47,11,,,,151738.1,1,
537,12:03:00,12:04:00,121,12,,3,3,152434.0,1,
537,12:07:00,12:07:00,48,13,,,,154146.7,1,
537,12:14:00,12:14:00,250,14,,,,159166.4,1,
537,12:16:00,12:16:00,45,15,,,,160689.8,1,
537,12:29:00,12:30:00,183,16,,,,168405.1,1,
537,12:42:00,12:43:00,217,17,,,,176710.1,1,
537,12:50:00,12:50:00,399,18,,3,3,181375.1,1,
537,12:56:00,12:58:00,134,19,,3,3,185876.8,1,
537,12:59:00,13:00:00,255,20,,3,3,186709.6,1,
537,13:10:00,13:11:00,39,21,,,,193594.6,1,
537,13:18:00,13:19:00,166,22,,3,3,199717.8,1,
537,13:22:00,13:23:00,319,23,,3,3,202733.4,1,
537,13:26:00,13:26:00,46,24,,,,205647.1,1,
537,13:28:00,13:28:00,33,25,,,,207294.0,1,
537,13:31:00,13:31:00,94,26,,3,3,208958.5,1,
537,13:33:00,13:33:00,37,27,,,,210437.9,1,
537,13:36:00,13:36:00,27,28,,,,212480.5,1,
537,13:39:00,13:39:00,209,29,,3,3,214761.9,1,
537,13:53:00,13:54:00,26,30,,,,227619.2,1,
537,14:28:00,14:33:00,350,31,,,,258413.0,1,
537,14:49:00,14:49:00,28,32,,,,271085.1,1,
537,15:20:00,15:30:00,437,33,,,,292721.2,1,
537,15:48:00,15:49:00,38,34,,3,3,310544.6,1,
537,16:02:00,16:04:00,126,35,,3,3,322243.4,1,
537,16:15:00,16:15:00,132,36,,3,3,328917.4,1,
537,16:23:00,16:27:00,459,37,,,,337237.4,1,
537,16:46:00,16:47:00,82,38,,3,3,357708.0,1,
537,16:55:00,16:55:00,130,39,,3,3,366920.1,1,
537,17:09:00,17:09:00,43,40,,3,3,383314.0,1,
537,17:38:00,17:41:00,457,41,,,,421429.6,1,
537,18:21:00,18:22:00,633,42,,,,473646.4,1,
537,18:35:00,18:37:00,634,43,,,,482511.1,1,
537,19:46:00,19:46:00,226,44,,,,507942.9,1,
536,07:30:00,07:30:00,226,1,,,,,1,
536,08:09:00,08:11:00,634,2,,,,,1,
536,08:24:00,08:25:00,633,3,,,,,1,
536,09:05:00,09:08:00,457,4,,,,,1,
536,09:37:00,09:37:00,43,5,,3,3,,1,
536,09:50:00,09:50:00,130,6,,3,3,,1,
536,09:58:00,09:59:00,82,7,,3,3,,1,
536,10:18:00,10:22:00,459,8,,,,,1,
536,10:30:00,10:30:00,132,9,,3,3,,1,
536,10:41:00,10:43:00,126,10,,3,3,,1,
536,10:56:00,10:57:00,38,11,,3,3,,1,
536,11:35:00,11:45:00,437,12,,,,,1,
536,13:11:00,13:21:00,433,13,,,,,1,
536,13:28:00,13:29:00,441,14,,,,,1,
536,13:49:00,13:49:00,147,15,,,,,1,
536,13:57:00,13:57:00,411,16,,,,,1,
536,14:00:00,14:00:00,320,17,,,,,1,
536,14:19:00,14:19:00,203,18,,,,,1,
536,14:32:00,14:32:00,425,19,,,,,1,
536,14:45:00,14:45:00,171,20,,,,,1,
536,14:47:00,14:47:00,299,21,,,,,1,
536,14:55:00,14:55:00,83,22,,,,,1,
536,15:01:00,15:01:00,168,23,,,,,1,
536,15:09:00,15:09:00,339,24,,,,,1,
536,15:15:00,15:15:00,407,25,,,,,1,
536,15:24:00,15:24:00,295,26,,,,,1,
536,15:26:00,15:27:00,49,27,,,,,1,
536,15:29:00,15:29:00,306,28,,,,,1,
536,15:36:00,15:36:00,321,29,,,,,1,
536,15:42:00,15:42:00,397,30,,,,,1,
536,15:53:00,15:53:00,417,31,,,,,1,
536,16:06:00,16:06:00,216,32,,,,,1,
536,16:20:00,16:20:00,212,33,,,,,1,
536,16:23:00,16:23:00,32,34,,,,,1,
536,16:31:00,16:31:00,215,35,,,,,1,
536,16:45:00,16:48:00,426,36,,,,,1,
536,17:09:00,17:09:00,292,37,,,,,1,
536,17:19:00,17:19:00,384,38,,,,,1,
536,17:23:00,17:23:00,286,39,,,,,1,
536,17:30:00,17:30:00,182,40,,,,,1,
536,17:41:00,17:41:00,448,41,,,,,1,
536,17:49:00,17:49:00,303,42,,,,,1,
536,18:00:00,18:00:00,276,43,,,,,1,
536,18:10:00,18:13:00,390,44,,,,,1,
536,18:22:00,18:22:00,180,45,,,,,1,
536,18:33:00,18:33:00,253,46,,,,,1,
536,18:41:00,18:41:00,392,47,,,,,1,
536,18:45:00,18:45:00,160,48,,,,,1,
536,18:47:00,18:47:00,193,49,,,,,1,
536,18:52:00,18:52:00,190,50,,,,,1,
536,18:59:00,18:59:00,394,51,,,,,1,
536,19:01:00,19:01:00,405,52,,,,,1,
536,19:10:00,19:10:00,163,53,,,,,1,
536,19:13:00,19:13:00,423,54,,,,,1,
536,19:24:00,19:24:00,369,55,,,,,1,
536,19:31:00,19:31:00,129,56,,,,,1,
536,19:50:00,19:50:00,55,57,,,,,1,
536,19:58:00,19:58:00,125,58,,,,,1,
536,20:14:00,20:14:00,381,59,,,,,1,
536,21:02:00,21:02:00,460,60,,,,,1,
535,07:30:00,07:30:00,226,1,,,,0.1,1,
535,08:09:00,08:11:00,634,2,,,,25431.8,1,
535,08:24:00,08:25:00,633,3,,,,34296.6,1,
535,09:05:00,09:08:00,457,4,,,,86513.5,1,
535,09:37:00,09:37:00,43,5,,3,3,124629.0,1,
535,09:50:00,09:50:00,130,6,,3,3,141022.9,1,
535,09:58:00,09:59:00,82,7,,3,3,150235.0,1,
535,10:18:00,10:22:00,459,8,,,,170705.6,1,
535,10:30:00,10:30:00,132,9,,3,3,179025.6,1,
535,10:41:00,10:43:00,126,10,,3,3,185699.5,1,
535,10:56:00,10:57:00,38,11,,3,3,197398.4,1,
535,11:35:00,11:50:00,437,12,,,,215221.8,1,
535,12:20:00,12:20:00,28,13,,,,236857.9,1,
535,12:36:00,12:41:00,350,14,,,,249530.0,1,
535,13:16:00,13:17:00,26,15,,,,280323.8,1,
535,13:31:00,13:31:00,209,16,,3,3,293181.1,1,
535,13:34:00,13:34:00,27,17,,,,295462.5,1,
535,13:37:00,13:37:00,37,18,,,,297505.1,1,
535,13:39:00,13:39:00,94,19,,3,3,298984.5,1,
535,13:41:00,13:41:00,33,20,,,,300649.0,1,
535,13:43:00,13:43:00,46,21,,,,302295.9,1,
535,13:46:00,13:47:00,319,22,,3,3,305209.6,1,
535,13:51:00,13:52:00,166,23,,3,3,308225.2,1,
535,14:00:00,14:01:00,39,24,,,,314348.4,1,
535,14:10:00,14:11:00,255,25,,3,3,321233.4,1,
535,14:12:00,14:14:00,134,26,,3,3,322066.2,1,
535,14:20:00,14:20:00,399,27,,3,3,326567.9,1,
535,14:27:00,14:28:00,217,28,,,,331232.9,1,
535,14:40:00,14:41:00,183,29,,,,339537.9,1,
535,14:54:00,14:54:00,45,30,,,,347253.2,1,
535,14:56:00,14:56:00,250,31,,,,348776.6,1,
535,15:03:00,15:03:00,48,32,,,,353796.3,1,
535,15:06:00,15:07:00,121,33,,3,3,355509.1,1,
535,15:09:00,15:09:00,47,34,,,,356204.9,1,
535,15:18:00,15:18:00,245,35,,3,3,364580.4,1,
535,15:30:00,15:30:00,161,36,,3,3,374063.0,1,
535,15:31:00,15:31:00,247,37,,3,3,374604.2,1,
535,15:41:00,15:41:00,51,38,,,,382306.8,1,
535,15:44:00,15:44:00,177,39,,3,3,384332.8,1,
535,15:57:00,15:57:00,52,40,,,,394381.1,1,
535,16:22:00,16:23:00,404,41,,3,3,415169.5,1,
535,16:58:00,17:00:00,439,42,,,,441721.6,1,
535,17:33:00,17:34:00,453,43,,,,476803.4,1,
535,18:52:00,18:52:00,444,44,,,,507943.0,1,
534,11:00:00,11:00:00,458,1,,,,,1,
534,11:20:00,11:20:00,632,2,,,,,1,
534,12:17:00,12:17:00,176,3,,,,,1,
534,13:20:00,13:25:00,31,4,,,,,1,
534,13:48:00,13:48:00,270,5,,,,,1,
534,14:07:00,14:07:00,256,6,,,,,1,
534,14:19:00,14:19:00,172,7,,,,,1,
534,14:44:00,14:44:00,195,8,,,,,1,
534,14:48:00,14:48:00,61,9,,,,,1,
534,15:30:00,15:30:00,227,10,,,,,1,
534,17:14:00,17:24:00,307,11,,,,,1,
534,17:37:00,17:37:00,294,12,,,,,1,
534,18:22:00,18:22:00,148,13,,,,,1,
534,19:32:00,19:32:00,338,14,,,,,1,
534,20:25:00,20:25:00,424,15,,,,,1,
534,20:57:00,20:57:00,432,16,,,,,1,
534,21:35:00,21:35:00,36,17,,,,,1,
534,23:29:00,35:15:00,454,18,,,,,1,
534,35:48:00,35:48:00,308,19,,,,,1,
534,36:17:00,36:17:00,244,20,,,,,1,
534,36:25:00,36:25:00,305,21,,,,,1,
534,36:33:00,36:33:00,379,22,,,,,1,
534,36:44:00,36:44:00,281,23,,,,,1,
534,36:48:00,36:48:00,442,24,,,,,1,
534,36:59:00,36:59:00,378,25,,,,,1,
534,37:13:00,37:13:00,333,26,,,,,1,
534,37:32:00,37:32:00,361,27,,,,,1,
534,37:33:00,37:33:00,414,28,,,,,1,
534,38:07:00,38:07:00,386,29,,,,,1,
534,38:22:00,38:22:00,136,30,,,,,1,
534,39:18:00,39:18:00,207,31,,,,,1,
534,39:35:00,39:35:00,438,32,,,,,1,
534,40:24:00,40:24:00,64,33,,,,,1,
534,43:00:00,43:00:00,21,34,,,,,1,
533,12:45:00,12:45:00,21,1,,,,,1,
533,14:38:00,14:38:00,64,2,,,,,1,
533,15:12:00,15:12:00,438,3,,,,,1,
533,15:44:00,15:44:00,207,4,,,,,1,
533,16:41:00,16:41:00,136,5,,,,,1,
533,16:58:00,16:58:00,386,6,,,,,1,
533,17:32:00,17:32:00,414,7,,,,,1,
533,17:36:00,17:36:00,361,8,,,,,1,
533,17:56:00,17:56:00,333,9,,,,,1,
533,18:11:00,18:11:00,378,10,,,,,1,
533,18:24:00,18:24:00,442,11,,,,,1,
533,18:30:00,18:30:00,281,12,,,,,1,
533,18:43:00,18:43:00,379,13,,,,,1,
533,18:52:00,18:52:00,305,14,,,,,1,
533,19:01:00,19:01:00,244,15,,,,,1,
533,19:31:00,19:31:00,308,16,,,,,1,
533,20:08:00,35:00:00,454,17,,,,,1,
533,36:55:00,36:55:00,36,18,,,,,1,
533,37:32:00,37:32:00,432,19,,,,,1,
533,37:50:00,37:50:00,424,20,,,,,1,
533,38:58:00,38:58:00,338,21,,,,,1,
533,40:08:00,40:08:00,148,22,,,,,1,
533,40:52:00,40:52:00,294,23,,,,,1,
533,41:10:00,41:20:00,307,24,,,,,1,
533,42:37:00,42:37:00,227,25,,,,,1,
533,43:27:00,43:27:00,61,26,,,,,1,
533,43:51:00,43:51:00,195,27,,,,,1,
533,44:12:00,44:12:00,172,28,,,,,1,
533,44:21:00,44:21:00,256,29,,,,,1,
533,44:40:00,44:40:00,270,30,,,,,1,
533,45:00:00,45:05:00,31,31,,,,,1,
533,46:09:00,46:09:00,176,32,,,,,1,
533,46:45:00,46:45:00,632,33,,,,,1,
533,47:25:00,47:25:00,458,34,,,,,1,
371,16:15:00,16:15:00,119,1,,,,,1,
371,16:50:00,16:52:00,600,2,,,,55530.4,1,
371,17:20:00,17:22:00,162,3,,,,96184.6,1,
371,17:48:00,17:49:00,282,4,,,,138866.1,1,
371,18:27:00,18:27:00,93,5,,,,184728.4,1,
539,10:13:00,10:13:00,617,1,,,1,1.0,1,
539,11:03:00,11:05:00,344,2,,,,86059.5,1,
539,11:26:00,11:27:00,351,3,,,,123189.6,1,
539,11:50:00,11:54:00,332,4,,,,167336.8,1,
539,12:15:00,12:45:00,226,5,,,,185451.1,1,
539,12:58:00,13:00:00,343,6,,,,191559.8,1,
539,13:26:00,13:27:00,631,7,,,,238690.8,1,
539,13:54:00,13:56:00,630,8,,,,285376.4,1,
539,15:38:00,15:39:00,492,9,,,,430262.6,1,
539,15:45:00,15:47:00,629,10,,1,,435508.0,1,
539,16:12:00,16:12:00,628,11,,,,455299.5,1,
538,11:58:00,11:58:00,444,1,,,,,1,
538,12:32:00,12:33:00,453,2,,,,31139.6,1,
538,13:09:00,13:11:00,439,3,,,,66221.4,1,
538,13:47:00,13:48:00,404,4,,3,3,92773.5,1,
538,14:13:00,14:13:00,52,5,,,,113561.9,1,
538,14:26:00,14:26:00,177,6,,3,3,123610.2,1,
538,14:29:00,14:29:00,51,7,,,,125636.2,1,
538,14:39:00,14:39:00,247,8,,3,3,133338.7,1,
538,14:40:00,14:40:00,161,9,,3,3,133880.0,1,
538,14:52:00,14:52:00,245,10,,3,3,143362.6,1,
538,15:02:00,15:02:00,47,11,,,,151738.1,1,
538,15:03:00,15:04:00,121,12,,3,3,152434.0,1,
538,15:07:00,15:07:00,48,13,,,,154146.7,1,
538,15:14:00,15:14:00,250,14,,,,159166.4,1,
538,15:16:00,15:16:00,45,15,,,,160689.8,1,
538,15:29:00,15:30:00,183,16,,,,168405.1,1,
538,15:42:00,15:43:00,217,17,,,,176710.1,1,
538,15:50:00,15:50:00,399,18,,3,3,181375.1,1,
538,15:56:00,15:58:00,134,19,,3,3,185876.8,1,
538,15:59:00,16:00:00,255,20,,3,3,186709.6,1,
538,16:10:00,16:11:00,39,21,,,,193594.6,1,
538,16:17:00,16:18:00,166,22,,3,3,199717.8,1,
538,16:22:00,16:23:00,319,23,,3,3,202733.4,1,
538,16:26:00,16:26:00,46,24,,,,205647.1,1,
538,16:28:00,16:28:00,33,25,,,,207294.0,1,
538,16:31:00,16:31:00,94,26,,3,3,208958.5,1,
538,16:33:00,16:33:00,37,27,,,,210437.9,1,
538,16:36:00,16:36:00,27,28,,,,212480.5,1,
538,16:39:00,16:39:00,209,29,,3,3,214761.9,1,
538,16:53:00,16:54:00,26,30,,,,227619.2,1,
538,17:28:00,17:33:00,350,31,,,,258413.0,1,
538,17:49:00,17:49:00,28,32,,,,271085.1,1,
538,18:20:00,18:30:00,437,33,,,,292721.2,1,
538,18:48:00,18:49:00,38,34,,3,3,310544.6,1,
538,19:02:00,19:04:00,126,35,,3,3,322243.4,1,
538,19:15:00,19:15:00,132,36,,3,3,328917.4,1,
538,19:23:00,19:27:00,459,37,,,,337237.4,1,
538,19:46:00,19:47:00,82,38,,3,3,357708.0,1,
538,19:56:00,19:56:00,130,39,,3,3,366920.1,1,
538,20:09:00,20:09:00,43,40,,3,3,383314.0,1,
538,20:38:00,20:41:00,457,41,,,,421429.6,1,
538,21:21:00,21:22:00,633,42,,,,473646.4,1,
538,21:35:00,21:37:00,634,43,,,,482511.1,1,
538,22:46:00,22:46:00,226,44,,,,507942.9,1,
270,07:00:00,07:00:00,116,1,,,,,1,
270,07:15:00,07:15:00,293,2,,3,3,,1,
270,07:35:00,07:35:00,636,3,,3,3,,1,
270,07:45:00,07:45:00,214,4,,3,3,,1,
270,08:10:00,08:10:00,637,5,,3,3,,1,
270,08:20:00,08:20:00,127,6,,,,,1,
270,08:40:00,08:40:00,391,7,,3,3,,1,
270,09:00:00,09:00:00,376,8,,,,,1,
270,09:20:00,09:20:00,410,9,,,,,1,
270,09:35:00,09:35:00,324,10,,3,3,,1,
270,09:55:00,09:55:00,360,11,,3,3,,1,
270,10:02:00,10:02:00,395,12,,3,3,,1,
270,10:15:00,10:15:00,429,13,,3,3,,1,
270,10:30:00,10:32:00,205,14,,,,,1,
270,11:00:00,11:00:00,409,15,,3,3,,1,
270,11:15:00,11:15:00,230,16,,3,3,,1,
270,11:29:00,11:29:00,420,17,,3,3,,1,
270,11:31:00,11:31:00,164,18,,3,3,,1,
270,11:50:00,11:50:00,266,19,,3,3,,1,
270,12:05:00,12:05:00,128,20,,3,3,,1,
270,12:20:00,12:20:00,265,21,,,,,1,
270,12:37:00,12:37:00,315,22,,3,3,,1,
270,12:45:00,12:45:00,15,23,,,,,1,
270,13:10:00,13:10:00,638,24,,,,,1,
270,13:15:00,13:15:00,218,25,,3,3,,1,
270,13:31:00,13:31:00,639,26,,,,,1,
270,13:41:00,13:41:00,287,27,,3,3,,1,
270,13:45:00,13:45:00,248,28,,3,3,,1,
270,14:03:00,14:03:00,329,29,,3,3,,1,
270,14:10:00,14:10:00,199,30,,3,3,,1,
270,14:25:00,14:30:00,312,31,,,,,1,
270,14:45:00,14:45:00,192,32,,3,3,,1,
270,14:51:00,14:51:00,184,33,,3,3,,1,
270,15:00:00,15:00:00,2,34,,3,3,,1,
270,15:05:00,15:05:00,220,35,,3,3,,1,
270,15:50:00,15:50:00,621,36,,,,,1,
111,09:55:00,09:55:00,119,1,,,,,1,
111,12:25:00,12:25:00,59,2,,,,142869.8,1,
111,14:27:00,14:27:00,60,3,,,,239881.0,1,
111,16:57:00,16:57:00,4,4,,,,407685.4,1,
111,17:22:00,17:52:00,113,5,,,,430211.2,1,
111,18:48:00,18:48:00,65,6,,,,478516.9,1,
111,19:01:00,19:01:00,68,7,,,,487615.0,1,
111,19:21:00,19:21:00,72,8,,,,504959.2,1,
111,19:28:00,19:28:00,71,9,,,,513016.5,1,
111,19:45:00,19:45:00,76,10,,,,533575.0,1,
111,20:18:00,20:18:00,74,11,,,,569087.0,1,
111,22:44:00,22:44:00,79,12,,,,661012.1,1,
111,23:38:00,23:38:00,88,13,,,,710233.7,1,
111,25:38:00,25:38:00,92,14,,,,824055.1,1,
111,26:29:00,27:09:00,63,15,,,,882898.4,1,
111,28:05:00,28:05:00,91,16,,,,948217.4,1,
111,28:55:00,28:55:00,98,17,,,,1002928.7,1,
111,29:34:00,29:34:00,95,18,,,,1038871.5,1,
111,30:13:00,30:13:00,99,19,,,,1089511.6,1,
111,31:19:00,31:19:00,102,20,,,,1178598.3,1,
111,31:56:00,31:56:00,103,21,,,,1221336.5,1,
111,32:05:00,32:05:00,101,22,,,,1229496.8,1,
111,33:17:00,33:17:00,106,23,,,,1269713.8,1,
111,33:47:00,33:47:00,105,24,,,,1303586.7,1,
111,34:26:00,34:26:00,109,25,,,,1356596.0,1,
111,34:42:00,34:42:00,107,26,,,,1378988.3,1,
111,34:59:00,34:59:00,108,27,,,,1395727.3,1,
111,36:25:00,36:55:00,44,28,,,,1492550.0,1,
111,38:05:00,38:05:00,115,29,,,,1565368.6,1,
111,38:41:00,38:41:00,111,30,,,,1606935.0,1,
111,39:10:00,39:10:00,131,31,,,,1637269.1,1,
111,39:47:00,39:47:00,140,32,,,,1674468.5,1,
111,40:23:00,40:23:00,144,33,,,,1690057.8,1,
111,40:44:00,40:44:00,142,34,,,,1713238.0,1,
111,41:01:00,41:01:00,153,35,,,,1734795.0,1,
111,41:07:00,41:07:00,167,36,,,,1738995.7,1,
111,41:09:00,41:09:00,187,37,,,,1740518.6,1,
111,41:12:00,41:12:00,198,38,,,,1751006.1,1,
111,41:26:00,41:26:00,264,39,,,,1755955.2,1,
111,41:31:00,41:31:00,456,40,,,,1761033.3,1,
111,41:49:00,41:49:00,204,41,,,,1780946.5,1,
111,42:10:00,42:10:00,206,42,,,,1808416.3,1,
111,44:30:00,46:30:00,388,43,,,,1897039.6,1,
111,48:04:00,48:04:00,224,44,,,,1985741.0,1,
111,50:31:00,50:31:00,616,45,,,,2126980.8,1,
111,54:54:00,55:04:00,506,46,,,,2347003.2,1,
111,57:54:00,57:54:00,228,47,,,,2553990.5,1,
111,59:50:00,60:50:00,118,48,,,,2654510.9,1,
111,62:29:00,62:39:00,615,49,,,,2744043.6,1,
111,63:44:00,63:44:00,231,50,,,,2836850.0,1,
111,66:33:00,66:33:00,236,51,,,,2968972.6,1,
111,67:26:00,67:26:00,455,52,,,,3040041.5,1,
111,70:50:00,74:01:00,449,53,,,,3172882.9,1,
111,75:29:00,75:29:00,241,54,,,,3276236.3,1,
111,76:52:00,76:52:00,254,55,,,,3375409.4,1,
111,77:58:00,77:58:00,263,56,,,,3463772.4,1,
111,80:30:00,83:30:00,21,57,,,,3545768.8,1,
111,85:50:00,85:50:00,257,58,,,,3665139.1,1,
111,88:36:00,88:36:00,268,59,,,,3758053.5,1,
111,90:45:00,90:45:00,80,60,,,,3866673.1,1,
111,93:28:00,94:03:00,117,61,,,,3981865.1,1,
111,95:49:00,95:49:00,269,62,,,,4060060.8,1,
111,98:36:00,98:36:00,273,63,,,,4183418.4,1,
111,100:06:00,100:06:00,274,64,,,,4248124.5,1,
111,100:30:00,100:30:00,277,65,,,,4298945.4,1,
111,101:00:00,101:00:00,145,66,,,,4323845.0,1,
111,107:00:00,107:00:00,8,67,,,,4395055.9,1,
396,06:28:00,06:28:00,460,1,,,,,1,
396,06:42:00,06:42:00,381,2,,,,,1,
396,06:58:00,06:58:00,125,3,,,,,1,
396,07:06:00,07:06:00,55,4,,,,,1,
396,07:25:00,07:25:00,129,5,,,,,1,
396,07:32:00,07:32:00,369,6,,,,,1,
396,07:43:00,07:43:00,423,7,,,,,1,
396,07:47:00,07:47:00,163,8,,,,,1,
396,07:56:00,07:56:00,405,9,,,,,1,
396,07:57:00,07:57:00,394,10,,,,,1,
396,08:04:00,08:04:00,190,11,,,,,1,
396,08:09:00,08:09:00,193,12,,,,,1,
396,08:11:00,08:11:00,160,13,,,,,1,
396,08:15:00,08:15:00,392,14,,,,,1,
396,08:22:00,08:22:00,253,15,,,,,1,
396,08:33:00,08:33:00,180,16,,,,,1,
396,08:42:00,08:45:00,390,17,,,,,1,
396,08:55:00,08:55:00,276,18,,,,,1,
396,09:07:00,09:07:00,303,19,,,,,1,
396,09:15:00,09:15:00,448,20,,,,,1,
396,09:26:00,09:26:00,182,21,,,,,1,
396,09:33:00,09:33:00,286,22,,,,,1,
396,09:37:00,09:37:00,384,23,,,,,1,
396,09:47:00,09:47:00,292,24,,,,,1,
396,10:07:00,10:10:00,426,25,,,,,1,
396,10:25:00,10:25:00,215,26,,,,,1,
396,10:33:00,10:33:00,32,27,,,,,1,
396,10:36:00,10:36:00,212,28,,,,,1,
396,10:51:00,10:51:00,216,29,,,,,1,
396,11:04:00,11:04:00,417,30,,,,,1,
396,11:15:00,11:15:00,397,31,,,,,1,
396,11:21:00,11:21:00,321,32,,,,,1,
396,11:28:00,11:28:00,306,33,,,,,1,
396,11:30:00,11:31:00,49,34,,,,,1,
396,11:33:00,11:33:00,295,35,,,,,1,
396,11:42:00,11:42:00,407,36,,,,,1,
396,11:48:00,11:48:00,339,37,,,,,1,
396,11:56:00,11:56:00,168,38,,,,,1,
396,12:02:00,12:02:00,83,39,,,,,1,
396,12:10:00,12:10:00,299,40,,,,,1,
396,12:12:00,12:12:00,171,41,,,,,1,
396,12:25:00,12:25:00,425,42,,,,,1,
396,12:38:00,12:38:00,203,43,,,,,1,
396,12:58:00,12:58:00,320,44,,,,,1,
396,13:01:00,13:01:00,411,45,,,,,1,
396,13:08:00,13:08:00,147,46,,,,,1,
396,13:28:00,13:29:00,441,47,,,,,1,
396,13:40:00,13:50:00,433,48,,,,,1,
396,15:15:00,15:30:00,437,49,,,,,1,
396,15:48:00,15:49:00,38,50,,3,3,,1,
396,16:02:00,16:04:00,126,51,,3,3,,1,
396,16:15:00,16:15:00,132,52,,3,3,,1,
396,16:23:00,16:27:00,459,53,,,,,1,
396,16:46:00,16:47:00,82,54,,3,3,,1,
396,16:55:00,16:55:00,130,55,,3,3,,1,
396,17:09:00,17:09:00,43,56,,3,3,,1,
396,17:38:00,17:41:00,457,57,,,,,1,
396,18:21:00,18:22:00,633,58,,,,,1,
396,18:35:00,18:37:00,634,59,,,,,1,
396,19:46:00,19:46:00,226,60,,,,,1,
112,18:00:00,18:00:00,8,1,,,,,1,
112,19:35:00,19:35:00,298,2,,,,71198.6,1,
112,20:03:00,20:03:00,296,3,,,,117370.3,1,
112,20:17:00,20:17:00,285,4,,,,139662.4,1,
112,22:46:00,22:46:00,288,5,,,,211274.8,1,
112,25:32:00,25:32:00,269,6,,,,332627.8,1,
112,27:17:00,27:52:00,117,7,,,,410823.5,1,
112,29:58:00,29:58:00,80,8,,,,526015.5,1,
112,32:11:00,32:11:00,268,9,,,,634635.1,1,
112,34:01:00,34:01:00,257,10,,,,727549.5,1,
112,37:00:00,38:30:00,21,11,,,,846919.8,1,
112,39:45:00,39:45:00,263,12,,,,928916.2,1,
112,41:19:00,41:19:00,254,13,,,,1017279.1,1,
112,42:28:00,42:28:00,241,14,,,,1116452.3,1,
112,44:50:00,45:50:00,449,15,,,,1219805.9,1,
112,47:53:00,47:53:00,455,16,,,,1352647.3,1,
112,50:14:00,50:14:00,236,17,,,,1423716.2,1,
112,51:47:00,51:47:00,231,18,,,,1555838.8,1,
112,53:21:00,53:31:00,615,19,,,,1648645.2,1,
112,55:57:00,56:57:00,118,20,,,,1738177.9,1,
112,58:26:00,58:26:00,228,21,,,,1838698.3,1,
112,62:47:00,62:57:00,506,22,,,,2045685.6,1,
112,66:22:00,66:22:00,616,23,,,,2265708.0,1,
112,68:15:00,68:15:00,224,24,,,,2406947.8,1,
112,71:00:00,72:30:00,388,25,,,,2495649.2,1,
112,73:37:00,73:37:00,206,26,,,,2584272.5,1,
112,73:58:00,73:58:00,204,27,,,,2611742.3,1,
112,74:16:00,74:16:00,456,28,,,,2631655.4,1,
112,74:21:00,74:21:00,264,29,,,,2636733.6,1,
112,74:35:00,74:35:00,198,30,,,,2641682.6,1,
112,74:38:00,74:38:00,187,31,,,,2652170.2,1,
112,74:40:00,74:40:00,167,32,,,,2653693.0,1,
112,74:46:00,74:46:00,153,33,,,,2657893.8,1,
112,75:03:00,75:03:00,142,34,,,,2679450.8,1,
112,75:29:00,75:29:00,144,35,,,,2702630.9,1,
112,75:46:00,75:46:00,140,36,,,,2718220.3,1,
112,76:23:00,76:23:00,131,37,,,,2755419.7,1,
112,76:51:00,76:51:00,111,38,,,,2785753.8,1,
112,77:28:00,77:28:00,115,39,,,,2827320.2,1,
112,79:01:00,79:51:00,44,40,,,,2900138.8,1,
112,81:14:00,81:14:00,108,41,,,,2996961.5,1,
112,81:31:00,81:31:00,107,42,,,,3013700.5,1,
112,81:46:00,81:46:00,109,43,,,,3036092.8,1,
112,82:26:00,82:26:00,105,44,,,,3089102.1,1,
112,82:57:00,82:57:00,106,45,,,,3122975.0,1,
112,83:29:00,83:29:00,101,46,,,,3163192.0,1,
112,83:37:00,83:37:00,103,47,,,,3171352.3,1,
112,84:14:00,84:14:00,102,48,,,,3214090.5,1,
112,85:20:00,85:20:00,99,49,,,,3303177.1,1,
112,86:11:00,86:11:00,95,50,,,,3353821.9,1,
112,86:39:00,86:39:00,98,51,,,,3389771.0,1,
112,87:29:00,87:29:00,91,52,,,,3444471.4,1,
112,89:44:00,90:39:00,63,53,,,,3509790.4,1,
112,91:30:00,91:30:00,92,54,,,,3568633.7,1,
112,93:04:00,93:04:00,88,55,,,,3682455.1,1,
112,94:27:00,94:27:00,79,56,,,,3731676.7,1,
112,96:02:00,96:02:00,74,57,,,,3823601.9,1,
112,96:35:00,96:35:00,76,58,,,,3859113.8,1,
112,96:52:00,96:52:00,71,59,,,,3879672.2,1,
112,97:00:00,97:00:00,72,60,,,,3887729.5,1,
112,97:20:00,97:20:00,68,61,,,,3905073.9,1,
112,97:33:00,97:33:00,65,62,,,,3914172.4,1,
112,99:47:00,100:27:00,113,63,,,,3962477.9,1,
112,100:49:00,100:49:00,4,64,,,,3985003.4,1,
112,104:00:00,104:00:00,69,65,,,,4164958.6,1,
112,106:00:00,106:00:00,59,66,,,,4263232.6,1,
112,110:29:00,110:29:00,119,67,,,,4406102.3,1,
278,21:30:00,21:30:00,435,1,,,,,1,
278,21:52:00,21:52:00,284,2,,,,,1,
278,22:38:00,22:38:00,229,3,,,,,1,
278,23:54:00,23:54:00,375,4,,,,,1,
278,24:39:00,24:39:00,352,5,,,,,1,
278,25:18:00,25:18:00,197,6,,,,,1,
278,26:44:00,26:44:00,297,7,,,,,1,
278,27:46:00,27:46:00,335,8,,,,,1,
278,28:37:00,28:37:00,278,9,,,,,1,
278,29:00:00,29:00:00,90,10,,,,,1,
278,30:00:00,30:30:00,139,11,,,,,1,
278,,,383,12,,3,3,,,
278,31:16:00,31:16:00,340,13,,,,,1,
278,,,237,14,,3,3,,,
278,31:53:00,31:53:00,67,15,,,,,1,
278,,,235,16,,3,3,,,
278,32:54:00,32:54:00,249,17,,,,,1,
278,,,318,18,,3,3,,,
278,,,356,19,,3,3,,,
278,,,461,20,,3,3,,,
278,34:16:00,34:16:00,157,21,,,,,1,
278,34:27:00,34:27:00,373,22,,,,,1,
278,34:54:00,34:54:00,290,23,,,,,1,
278,36:30:00,39:00:00,503,24,,,,,1,
278,41:05:00,41:05:00,165,25,,,,,1,
278,41:22:00,41:22:00,313,26,,,,,1,
278,41:37:00,41:37:00,158,27,,,,,1,
278,,,179,28,,3,3,,,
278,,,29,29,,3,3,,,
278,42:21:00,42:21:00,353,30,,,,,1,
278,42:43:00,42:43:00,371,31,,,,,1,
278,43:11:00,43:11:00,387,32,,,,,1,
278,43:34:00,43:34:00,314,33,,,,,1,
278,,,418,34,,3,3,,,
278,,,232,35,,3,3,,,
278,44:17:00,44:17:00,262,36,,,,,1,
278,44:49:00,44:49:00,406,37,,,,,1,
278,45:16:00,45:16:00,208,38,,,,,1,
278,,,252,39,,3,3,,,
278,46:00:00,46:00:00,446,40,,,,,1,
278,,,246,41,,3,3,,,
278,46:39:00,46:39:00,412,42,,,,,1,
278,46:47:00,46:47:00,401,43,,,,,1,
278,46:58:00,46:58:00,151,44,,,,,1,
278,,,326,45,,3,3,,,
278,,,440,46,,3,3,,,
278,,,238,47,,3,3,,,
278,47:52:00,47:52:00,348,48,,,,,1,
278,,,155,49,,3,3,,,
278,48:30:00,48:30:00,149,50,,,,,1,
279,03:30:00,03:30:00,149,1,,,,,1,
279,,,155,2,,3,3,,,
279,04:07:00,04:07:00,348,3,,,,,1,
279,,,238,4,,3,3,,,
279,,,440,5,,3,3,,,
279,,,326,6,,3,3,,,
279,05:01:00,05:01:00,151,7,,,,,1,
279,05:12:00,05:12:00,401,8,,,,,1,
279,05:20:00,05:20:00,412,9,,,,,1,
279,,,246,10,,3,3,,,
279,05:59:00,05:59:00,446,11,,,,,1,
279,,,252,12,,3,3,,,
279,06:43:00,06:43:00,208,13,,,,,1,
279,07:10:00,07:10:00,406,14,,,,,1,
279,07:42:00,07:42:00,262,15,,,,,1,
279,,,232,16,,3,3,,,
279,,,418,17,,3,3,,,
279,08:25:00,08:25:00,314,18,,,,,1,
279,08:48:00,08:48:00,387,19,,,,,1,
279,09:16:00,09:16:00,371,20,,,,,1,
279,09:38:00,09:38:00,353,21,,,,,1,
279,,,29,22,,3,3,,,
279,,,179,23,,3,3,,,
279,10:22:00,10:22:00,158,24,,,,,1,
279,10:37:00,10:37:00,313,25,,,,,1,
279,10:54:00,10:54:00,165,26,,,,,1,
279,13:00:00,18:00:00,503,27,,,,,1,
279,19:35:00,19:35:00,290,28,,,,,1,
279,20:02:00,20:02:00,373,29,,,,,1,
279,20:13:00,20:13:00,157,30,,,,,1,
279,,,461,31,,3,3,,,
279,,,356,32,,3,3,,,
279,,,318,33,,3,3,,,
279,21:35:00,21:35:00,249,34,,,,,1,
279,,,235,35,,3,3,,,
279,22:36:00,22:36:00,67,36,,,,,1,
279,,,237,37,,3,3,,,
279,23:13:00,23:13:00,340,38,,,,,1,
279,,,383,39,,3,3,,,
279,24:00:00,24:30:00,139,40,,,,,1,
279,25:29:00,25:29:00,90,41,,,,,1,
279,25:52:00,25:52:00,278,42,,,,,1,
279,26:43:00,26:43:00,335,43,,,,,1,
279,28:00:00,28:00:00,297,44,,,,,1,
279,29:26:00,29:26:00,197,45,,,,,1,
279,30:05:00,30:05:00,352,46,,,,,1,
279,30:50:00,30:50:00,375,47,,,,,1,
279,32:06:00,32:06:00,229,48,,,,,1,
279,33:37:00,33:37:00,284,49,,,,,1,
279,34:00:00,34:00:00,435,50,,,,,1,
525,13:05:00,13:05:00,388,1,,,,,1,
525,14:15:00,14:15:00,224,2,,,,,1,
525,15:07:00,15:07:00,104,3,,,,,1,
525,15:44:00,15:44:00,317,4,,,,,1,
525,16:16:00,16:16:00,141,5,,,,,1,
525,16:57:00,16:57:00,380,6,,,,,1,
525,17:15:00,17:15:00,408,7,,,,,1,
525,17:36:00,17:36:00,347,8,,,,,1,
525,17:56:00,18:06:00,289,9,,3,3,,1,
525,18:44:00,18:44:00,427,10,,3,3,,1,
525,19:00:00,19:00:00,169,11,,3,3,,1,
525,19:55:00,19:55:00,50,12,,3,3,,1,
525,20:22:00,20:22:00,445,13,,3,3,,1,
525,20:59:00,20:59:00,100,14,,3,3,,1,
525,21:12:00,21:12:00,301,15,,,,,1,
525,21:22:00,21:22:00,370,16,,,,,1,
525,21:36:00,21:46:00,89,17,,,,,1,
525,22:21:00,22:21:00,24,18,,3,3,,1,
525,22:54:00,22:54:00,159,19,,3,3,,1,
525,23:34:00,23:34:00,261,20,,3,3,,1,
525,24:32:00,24:32:00,96,21,,3,3,,1,
525,26:45:00,27:30:00,149,22,,,,,1,
525,,,155,23,,3,3,,,
525,28:07:00,28:07:00,348,24,,,,,1,
525,,,238,25,,3,3,,,
525,,,440,26,,3,3,,,
525,,,326,27,,3,3,,,
525,29:01:00,29:01:00,151,28,,,,,1,
525,29:12:00,29:12:00,401,29,,,,,1,
525,29:20:00,29:20:00,412,30,,,,,1,
525,,,246,31,,3,3,,,
525,29:59:00,29:59:00,446,32,,,,,1,
525,,,252,33,,3,3,,,
525,30:43:00,30:43:00,208,34,,,,,1,
525,31:10:00,31:10:00,406,35,,,,,1,
525,31:42:00,31:42:00,262,36,,,,,1,
525,,,232,37,,3,3,,,
525,,,418,38,,3,3,,,
525,32:25:00,32:25:00,314,39,,,,,1,
525,32:48:00,32:48:00,387,40,,,,,1,
525,33:16:00,33:16:00,371,41,,,,,1,
525,33:38:00,33:38:00,353,42,,,,,1,
525,,,29,43,,3,3,,,
525,,,179,44,,3,3,,,
525,34:22:00,34:22:00,158,45,,,,,1,
525,34:37:00,34:37:00,313,46,,,,,1,
525,34:54:00,34:54:00,165,47,,,,,1,
525,37:00:00,42:00:00,503,48,,,,,1,
525,43:35:00,43:35:00,290,49,,,,,1,
525,44:02:00,44:02:00,373,50,,,,,1,
525,44:13:00,44:13:00,157,51,,,,,1,
525,,,461,52,,3,3,,,
525,,,356,53,,3,3,,,
525,,,318,54,,3,3,,,
525,45:35:00,45:35:00,249,55,,,,,1,
525,,,235,56,,3,3,,,
525,46:36:00,46:36:00,67,57,,,,,1,
525,,,237,58,,3,3,,,
525,47:13:00,47:13:00,340,59,,,,,1,
525,,,383,60,,3,3,,,
525,48:00:00,48:30:00,139,61,,,,,1,
525,49:29:00,49:29:00,90,62,,,,,1,
525,49:52:00,49:52:00,278,63,,,,,1,
525,50:43:00,50:43:00,335,64,,,,,1,
525,52:00:00,52:00:00,297,65,,,,,1,
525,53:26:00,53:26:00,197,66,,,,,1,
525,54:05:00,54:05:00,352,67,,,,,1,
525,54:50:00,54:50:00,375,68,,,,,1,
525,56:06:00,56:06:00,229,69,,,,,1,
525,57:37:00,57:37:00,284,70,,,,,1,
525,58:00:00,58:00:00,435,71,,,,,1,
526,21:30:00,21:30:00,435,1,,,,,1,
526,21:52:00,21:52:00,284,2,,,,,1,
526,22:38:00,22:38:00,229,3,,,,,1,
526,23:54:00,23:54:00,375,4,,,,,1,
526,24:39:00,24:39:00,352,5,,,,,1,
526,25:18:00,25:18:00,197,6,,,,,1,
526,26:44:00,26:44:00,297,7,,,,,1,
526,27:46:00,27:46:00,335,8,,,,,1,
526,28:37:00,28:37:00,278,9,,,,,1,
526,29:00:00,29:00:00,90,10,,,,,1,
526,30:00:00,30:30:00,139,11,,,,,1,
526,,,383,12,,3,3,,,
526,31:16:00,31:16:00,340,13,,,,,1,
526,,,237,14,,3,3,,,
526,31:53:00,31:53:00,67,15,,,,,1,
526,,,235,16,,3,3,,,
526,32:54:00,32:54:00,249,17,,,,,1,
526,,,318,18,,3,3,,,
526,,,356,19,,3,3,,,
526,,,461,20,,3,3,,,
526,34:16:00,34:16:00,157,21,,,,,1,
526,34:27:00,34:27:00,373,22,,,,,1,
526,34:54:00,34:54:00,290,23,,,,,1,
526,36:30:00,39:00:00,503,24,,,,,1,
526,41:05:00,41:05:00,165,25,,,,,1,
526,41:22:00,41:22:00,313,26,,,,,1,
526,41:37:00,41:37:00,158,27,,,,,1,
526,,,179,28,,3,3,,,
526,,,29,29,,3,3,,,
526,42:21:00,42:21:00,353,30,,,,,1,
526,42:43:00,42:43:00,371,31,,,,,1,
526,43:11:00,43:11:00,387,32,,,,,1,
526,43:34:00,43:34:00,314,33,,,,,1,
526,,,418,34,,3,3,,,
526,,,232,35,,3,3,,,
526,44:17:00,44:17:00,262,36,,,,,1,
526,44:49:00,44:49:00,406,37,,,,,1,
526,45:16:00,45:16:00,208,38,,,,,1,
526,,,252,39,,3,3,,,
526,46:00:00,46:00:00,446,40,,,,,1,
526,,,246,41,,3,3,,,
526,46:39:00,46:39:00,412,42,,,,,1,
526,46:47:00,46:47:00,401,43,,,,,1,
526,46:58:00,46:58:00,151,44,,,,,1,
526,,,326,45,,3,3,,,
526,,,440,46,,3,3,,,
526,,,238,47,,3,3,,,
526,47:52:00,47:52:00,348,48,,,,,1,
526,,,155,49,,3,3,,,
526,48:30:00,52:15:00,149,50,,,,,1,
526,54:27:00,54:27:00,96,51,,3,3,,1,
526,55:09:00,55:09:00,261,52,,3,3,,1,
526,55:55:00,55:55:00,159,53,,3,3,,1,
526,56:24:00,56:24:00,24,54,,3,3,,1,
526,57:08:00,57:18:00,89,55,,,,,1,
526,57:30:00,57:30:00,370,56,,,,,1,
526,57:43:00,57:43:00,301,57,,,,,1,
526,57:58:00,57:58:00,100,58,,3,3,,1,
526,58:37:00,58:37:00,445,59,,3,3,,1,
526,59:14:00,59:14:00,50,60,,3,3,,1,
526,60:12:00,60:12:00,169,61,,3,3,,1,
526,60:32:00,60:32:00,427,62,,3,3,,1,
526,60:56:00,61:06:00,289,63,,3,3,,1,
526,61:20:00,61:20:00,347,64,,,,,1,
526,61:38:00,61:38:00,408,65,,,,,1,
526,61:54:00,61:54:00,380,66,,,,,1,
526,62:34:00,62:34:00,141,67,,,,,1,
526,63:06:00,63:06:00,317,68,,,,,1,
526,63:51:00,63:51:00,104,69,,,,,1,
526,64:37:00,64:37:00,224,70,,,,,1,
526,65:45:00,65:45:00,388,71,,,,,1,
520,14:29:00,14:29:00,617,1,,,,1.0,1,
520,14:49:00,14:55:00,576,2,,,1,15133.5,1,
520,16:34:00,16:38:00,58,3,,,,190811.8,1,
520,17:15:00,17:18:00,415,4,,,,262375.3,1,
520,18:20:00,18:23:00,367,5,,,,393279.6,1,
520,19:03:00,19:03:00,119,6,,,,444120.3,1,
449,06:32:00,06:32:00,119,1,,,,,1,
449,06:50:00,06:52:00,450,2,,,1,20200.0,1,
449,07:08:00,07:12:00,367,3,,,,50840.5,1,
449,07:43:00,07:46:00,178,4,,,,112011.4,1,
449,08:18:00,08:21:00,415,5,,,,181744.8,1,
449,08:57:00,09:02:00,58,6,,,,253308.3,1,
449,10:38:00,10:40:00,602,7,,,,427467.3,1,
449,11:25:00,11:28:00,332,8,,1,,519980.4,1,
449,11:50:00,11:50:00,226,9,,,,538094.4,1,
443,18:03:00,18:03:00,617,1,,,,1.0,1,
443,18:20:00,18:23:00,576,2,,,1,15133.5,1,
443,18:51:00,18:53:00,377,3,,,,64608.5,1,
443,19:25:00,19:27:00,35,4,,,,110328.3,1,
443,20:10:00,20:14:00,58,5,,,,190811.8,1,
443,20:51:00,20:53:00,415,6,,,,262375.3,1,
443,21:05:00,21:06:00,413,7,,,,281895.8,1,
443,21:31:00,21:33:00,178,8,,,,332108.7,1,
443,22:05:00,22:07:00,367,9,,,,393279.6,1,
443,22:28:00,22:30:00,450,10,,1,,423920.3,1,
443,22:48:00,22:48:00,119,11,,,,444120.3,1,
442,14:57:00,14:57:00,628,1,,,,,1,
442,15:22:00,15:24:00,629,2,,,1,19791.5,1,
442,16:58:00,17:00:00,630,3,,,,169923.1,1,
442,17:57:00,17:58:00,343,4,,,,263741.3,1,
442,18:11:00,18:50:00,226,5,,,,269848.3,1,
442,19:14:00,19:19:00,332,6,,,,287962.7,1,
442,19:43:00,19:45:00,351,7,,,,332110.0,1,
442,20:06:00,20:07:00,344,8,,,,369239.9,1,
442,20:51:00,20:51:00,617,9,Fallowfield,1,,455299.5,1,
388,06:45:00,06:45:00,58,1,,,,0.1,1,
388,07:05:00,07:06:00,309,2,,,,36677.8,1,
388,07:24:00,07:25:00,415,3,,,,71563.6,1,
388,07:36:00,07:37:00,413,4,,,,91084.1,1,
388,08:04:00,08:06:00,178,5,,,,141297.0,1,
388,08:14:00,08:15:00,9,6,,,,152126.8,1,
388,08:41:00,08:42:00,367,7,,,,202467.9,1,
388,08:57:00,08:58:00,450,8,,1,,233108.3,1,
388,09:14:00,09:14:00,119,9,,,,253308.3,1,
519,13:17:00,13:17:00,119,1,,,,,1,
519,13:35:00,13:37:00,450,2,,,1,20200.0,1,
519,13:53:00,13:56:00,367,3,,,,50840.7,1,
519,14:28:00,14:30:00,178,4,,,,112011.6,1,
519,15:03:00,15:06:00,415,5,,,,181745.0,1,
519,15:43:00,15:47:00,58,6,,,,253308.5,1,
519,17:30:00,17:34:00,576,7,,1,,428986.8,1,
519,17:53:00,17:53:00,617,8,,,,444119.3,1,
518,06:25:00,06:25:00,93,1,,,,,1,
518,06:53:00,06:55:00,282,2,,,,45862.3,1,
518,07:23:00,07:27:00,162,3,,,,88543.8,1,
518,08:35:00,08:35:00,119,4,,,,184728.4,1,
511,09:00:00,09:00:00,226,1,,,,0.1,1,
511,09:24:00,09:27:00,332,2,,,1,18114.0,1,
511,10:11:00,10:13:00,344,3,,,,99391.1,1,
511,10:34:00,10:35:00,419,4,,,,138778.3,1,
511,11:05:00,11:05:00,617,5,,,,185450.7,1,
510,05:29:00,05:29:00,628,1,,,,,1,
510,05:54:00,05:57:00,629,2,,,1,19791.5,1,
510,06:03:00,06:05:00,492,3,,,,25036.9,1,
510,07:26:00,07:30:00,630,4,,,,169923.1,1,
510,07:57:00,07:58:00,631,5,,,,216608.7,1,
510,08:23:00,08:24:00,343,6,,,,263741.3,1,
510,08:37:00,09:00:00,226,7,,,,269848.3,1,
510,09:24:00,09:26:00,332,8,,,,287962.7,1,
510,10:10:00,10:12:00,344,9,,,,369239.9,1,
510,10:33:00,10:34:00,419,10,,,,408627.1,1,
510,11:04:00,11:04:00,617,11,,,,455299.5,1,
513,08:06:00,08:06:00,628,1,,,,,1,
513,08:31:00,08:34:00,629,2,,,1,19791.5,1,
513,08:40:00,08:42:00,492,3,,,,25036.9,1,
513,10:14:00,10:17:00,630,4,,,,169923.1,1,
513,10:44:00,10:46:00,631,5,,,,216608.7,1,
513,11:11:00,11:13:00,343,6,,,,263741.3,1,
513,11:26:00,11:54:00,226,7,,,,269848.3,1,
513,12:18:00,12:22:00,332,8,,,,287962.7,1,
513,12:46:00,12:47:00,351,9,,,,332110.0,1,
513,13:08:00,13:10:00,344,10,,,,369239.9,1,
513,13:31:00,13:33:00,419,11,,,,408627.1,1,
513,13:58:00,13:58:00,617,12,,,,455299.5,1,
512,12:32:00,12:32:00,628,1,,,,,1,
512,12:57:00,13:00:00,629,2,,,1,19791.5,1,
512,14:44:00,14:46:00,630,3,,,,169923.1,1,
512,15:12:00,15:14:00,631,4,,,,216608.7,1,
512,15:39:00,15:41:00,343,5,,,,263741.3,1,
512,15:54:00,16:30:00,226,6,,,,269848.3,1,
512,16:54:00,16:59:00,332,7,,,,287962.7,1,
512,17:23:00,17:24:00,351,8,,,,332110.0,1,
512,17:45:00,17:46:00,344,9,,,,369239.9,1,
512,18:36:00,18:36:00,617,10,Fallowfield,1,,455299.5,1,
517,19:45:00,19:45:00,119,1,,,,,1,
517,20:07:00,20:09:00,436,2,,,,34351.2,1,
517,20:22:00,20:23:00,600,3,,,,55530.4,1,
517,20:50:00,20:51:00,162,4,,,,96184.6,1,
517,21:17:00,21:18:00,282,5,,,,138866.1,1,
517,21:30:00,21:31:00,323,6,,,,154013.8,1,
517,21:52:00,21:57:00,93,7,,,,184728.4,1,
517,22:25:00,22:26:00,78,8,,,,233692.2,1,
517,22:57:00,22:59:00,601,9,,,,288203.1,1,
517,23:44:00,23:44:00,618,10,,,,358768.9,1,
516,08:32:00,08:32:00,119,1,,,,,1,
516,08:50:00,08:52:00,450,2,,,1,20200.0,1,
516,09:09:00,09:13:00,367,3,,,,50840.7,1,
516,09:44:00,09:47:00,178,4,,,,112011.6,1,
516,10:20:00,10:23:00,415,5,,,,181745.0,1,
516,11:00:00,11:05:00,58,6,,,,253308.5,1,
516,11:57:00,12:00:00,35,7,,,,333792.0,1,
516,12:35:00,12:37:00,377,8,,,,379511.8,1,
516,13:11:00,13:15:00,576,9,,1,,428986.8,1,
516,13:32:00,13:32:00,617,10,,,,444119.3,1,
458,10:32:00,10:32:00,119,1,,,,,1,
458,10:50:00,10:52:00,450,2,,,1,20200.0,1,
458,12:09:00,12:12:00,415,3,,,,181745.0,1,
458,12:48:00,12:52:00,58,4,,,,253308.5,1,
458,14:38:00,14:42:00,576,5,,1,,428986.8,1,
458,15:02:00,15:02:00,617,6,,,,444119.3,1,
459,12:17:00,12:17:00,119,1,,,,,1,
459,12:35:00,12:37:00,450,2,,,1,20200.0,1,
459,12:55:00,12:58:00,367,3,,,,50840.7,1,
459,13:25:00,13:27:00,9,4,,,,101181.7,1,
459,13:35:00,13:37:00,178,5,,,,112011.6,1,
459,14:02:00,14:03:00,413,6,,,,162224.4,1,
459,14:15:00,14:18:00,415,7,,,,181745.0,1,
459,14:37:00,14:38:00,309,8,,,,216631.0,1,
459,14:58:00,15:02:00,58,9,,,,253308.5,1,
459,15:22:00,15:24:00,200,10,,,,288306.6,1,
459,15:51:00,15:53:00,35,11,,,,333792.0,1,
459,16:26:00,16:28:00,377,12,,,,379511.8,1,
459,16:54:00,16:58:00,576,13,,1,,428986.8,1,
459,17:16:00,17:16:00,617,14,,,,444119.3,1,
450,08:32:00,08:32:00,119,1,,,,,1,
450,08:50:00,08:52:00,450,2,,,1,20200.0,1,
450,09:09:00,09:13:00,367,3,,,,50840.5,1,
450,09:44:00,09:47:00,178,4,,,,112011.4,1,
450,10:20:00,10:23:00,415,5,,,,181744.8,1,
450,11:00:00,11:05:00,58,6,,,,253308.3,1,
450,12:43:00,12:45:00,602,7,,,,427467.3,1,
450,13:34:00,13:38:00,332,8,,1,,519980.4,1,
450,14:00:00,14:00:00,226,9,,,,538094.4,1,
451,17:02:00,17:02:00,119,1,,,,,1,
451,17:39:00,17:42:00,367,2,,,,50840.5,1,
451,18:14:00,18:16:00,178,3,,,,112011.4,1,
451,18:49:00,18:51:00,415,4,,,,181744.8,1,
451,19:26:00,19:29:00,58,5,,,,253308.3,1,
451,20:11:00,20:13:00,35,6,,,,333791.8,1,
451,20:57:00,20:59:00,602,7,,,,427467.3,1,
451,21:47:00,21:50:00,332,8,,1,,519980.4,1,
451,22:14:00,22:14:00,226,9,,,,538094.4,1,
452,18:02:00,18:02:00,119,1,,,,,1,
452,18:20:00,18:22:00,450,2,,,1,20200.0,1,
452,18:39:00,18:41:00,367,3,,,,50840.5,1,
452,20:22:00,20:25:00,58,4,,,,253308.3,1,
452,21:49:00,21:51:00,602,5,,,,427467.3,1,
452,22:38:00,22:41:00,332,6,,1,,519980.4,1,
452,23:04:00,23:04:00,226,7,,,,538094.4,1,
453,06:45:00,06:45:00,226,1,,,,0.1,1,
453,07:08:00,07:13:00,332,2,,,1,18114.0,1,
453,08:01:00,08:04:00,602,3,,,,110627.2,1,
453,09:29:00,09:34:00,58,4,,,,284786.1,1,
453,10:11:00,10:14:00,415,5,,,,356349.6,1,
453,11:19:00,11:22:00,367,6,,,,487254.0,1,
453,11:43:00,11:45:00,450,7,,1,,517894.4,1,
453,12:03:00,12:03:00,119,8,,,,538094.4,1,
454,13:22:00,13:22:00,226,1,,,,0.1,1,
454,13:47:00,13:51:00,332,2,,,1,18114.0,1,
454,14:38:00,14:40:00,602,3,,,,110627.2,1,
454,16:03:00,16:07:00,58,4,,,,284786.1,1,
454,16:42:00,16:44:00,415,5,,,,356349.6,1,
454,17:17:00,17:19:00,178,6,,,,426083.1,1,
454,17:50:00,17:53:00,367,7,,,,487254.0,1,
454,18:33:00,18:33:00,119,8,,,,538094.4,1,
455,16:38:00,16:38:00,226,1,,,,0.1,1,
455,17:04:00,17:08:00,332,2,,,1,18114.0,1,
455,17:53:00,17:55:00,602,3,,,,110627.2,1,
455,18:40:00,18:42:00,35,4,,,,204302.6,1,
455,19:24:00,19:28:00,58,5,,,,284786.1,1,
455,21:05:00,21:08:00,367,6,,,,487254.0,1,
455,21:28:00,21:30:00,450,7,,1,,517894.4,1,
455,21:48:00,21:48:00,119,8,Aldershot,,,538094.4,1,
456,18:09:00,18:09:00,226,1,,,,0.1,1,
456,18:34:00,18:38:00,332,2,,,1,18114.0,1,
456,19:26:00,19:28:00,602,3,,,,110627.2,1,
456,20:52:00,20:55:00,58,4,,,,284786.1,1,
456,22:35:00,22:37:00,367,5,,,,487254.0,1,
456,22:58:00,23:00:00,450,6,,1,,517894.4,1,
456,23:18:00,23:18:00,119,7,,,,538094.4,1,
482,05:21:00,05:21:00,617,1,,,,1.0,1,
482,05:38:00,05:40:00,576,2,,,1,15133.5,1,
482,06:08:00,06:10:00,377,3,,,,64608.5,1,
482,06:40:00,06:43:00,35,4,,,,110328.3,1,
482,07:25:00,07:29:00,58,5,,,,190811.8,1,
482,07:49:00,07:50:00,309,6,,,,227489.3,1,
482,08:07:00,08:10:00,415,7,,,,262375.3,1,
482,08:20:00,08:21:00,413,8,,,,281895.8,1,
482,08:44:00,08:47:00,178,9,,,,332108.7,1,
482,09:19:00,09:22:00,367,10,,,,393279.6,1,
482,10:02:00,10:02:00,119,11,,,,444120.3,1,
508,16:05:00,16:05:00,617,1,,,,1.0,1,
508,16:31:00,16:32:00,419,2,,,,46672.4,1,
508,16:53:00,16:54:00,344,3,,,,86059.5,1,
508,17:15:00,17:16:00,351,4,,,,123189.6,1,
508,17:38:00,17:42:00,332,5,,,,167336.8,1,
508,18:04:00,18:25:00,226,6,,,,185451.1,1,
508,18:38:00,18:40:00,343,7,,,,191559.8,1,
508,19:06:00,19:08:00,631,8,,,,238690.8,1,
508,19:52:00,19:54:00,630,9,,,,285376.4,1,
508,21:14:00,21:15:00,492,10,,,,430262.6,1,
508,21:21:00,21:23:00,629,11,,1,,435508.0,1,
508,21:48:00,21:48:00,628,12,,,,455299.5,1,
504,18:30:00,18:30:00,226,1,,,,0.1,1,
504,18:45:00,18:55:00,343,2,,,1,6108.7,1,
504,19:23:00,19:28:00,631,3,,,,53239.5,1,
504,20:04:00,20:14:00,630,4,,,,99925.2,1,
504,21:48:00,22:12:00,629,5,,,,250056.7,1,
504,23:17:00,23:18:00,54,6,,3,3,318938.1,1,
504,23:50:00,23:51:00,138,7,,,,378379.6,1,
504,24:31:00,24:36:00,327,8,,,,444410.9,1,
504,25:15:00,25:18:00,170,9,,3,3,487981.2,1,
504,26:24:00,26:31:00,328,10,,,,549542.9,1,
504,27:04:00,27:09:00,342,11,,,,578532.6,1,
504,28:09:00,28:10:00,42,12,,3,3,625867.4,1,
504,28:30:00,28:33:00,221,13,,,,649903.8,1,
504,28:52:00,28:53:00,87,14,,3,3,671473.9,1,
504,29:38:00,29:40:00,110,15,,,,727157.7,1,
504,30:23:00,30:33:00,355,16,,,,747856.1,1,
504,31:06:00,31:08:00,84,17,,3,3,778025.1,1,
504,31:30:00,31:32:00,18,18,,3,3,803083.7,1,
504,31:53:00,31:55:00,73,19,,3,3,830432.3,1,
504,32:42:00,32:52:00,310,20,,,,848997.8,1,
504,34:33:00,34:38:00,267,21,,,,919715.9,1,
504,35:28:00,35:30:00,19,22,,3,3,954736.3,1,
504,36:38:00,36:53:00,12,23,,,,1047848.8,1,
504,37:38:00,37:41:00,202,24,,,,1109391.9,1,
504,37:54:00,37:57:00,22,25,,,,1125233.7,1,
504,38:18:00,38:18:00,41,26,,3,3,1152934.8,1,
504,39:32:00,39:37:00,10,27,,,,1248716.6,1,
504,41:06:00,41:06:00,620,28,,,,1351534.6,1,
505,10:30:00,10:30:00,620,1,,,,21.5,1,
505,11:56:00,12:01:00,10,2,,,,102839.2,1,
505,13:12:00,13:13:00,41,3,,3,3,198621.0,1,
505,13:35:00,13:38:00,22,4,,,,226322.1,1,
505,13:52:00,13:55:00,202,5,,,,242163.9,1,
505,14:47:00,14:52:00,12,6,,,,303707.0,1,
505,16:01:00,16:03:00,19,7,,3,3,396819.5,1,
505,16:52:00,16:57:00,267,8,,,,431839.9,1,
505,18:48:00,18:58:00,310,9,,,,502563.7,1,
505,19:17:00,19:19:00,73,10,,3,3,521123.5,1,
505,19:40:00,19:42:00,18,11,,3,3,548472.1,1,
505,20:04:00,20:06:00,84,12,,3,3,573530.7,1,
505,21:08:00,21:18:00,355,13,,,,603699.7,1,
505,21:50:00,21:52:00,110,14,,,,624398.1,1,
505,22:39:00,22:40:00,87,15,,3,3,680081.9,1,
505,22:59:00,23:02:00,221,16,,,,701653.2,1,
505,23:21:00,23:22:00,42,17,,3,3,725688.4,1,
505,24:51:00,24:56:00,342,18,,,,773023.1,1,
505,25:24:00,25:31:00,328,19,,,,802012.9,1,
505,26:31:00,26:34:00,170,20,,3,3,863574.6,1,
505,27:18:00,27:23:00,327,21,,,,907144.9,1,
505,28:05:00,28:06:00,138,22,,,,973176.2,1,
505,28:39:00,28:40:00,54,23,,3,3,1032617.7,1,
505,30:13:00,30:28:00,629,24,,,,1101499.1,1,
505,32:20:00,32:26:00,630,25,,,,1251630.6,1,
505,33:00:00,33:05:00,631,26,,,,1298316.3,1,
505,33:34:00,33:40:00,343,27,,1,,1345448.7,1,
505,33:53:00,33:53:00,226,28,,,,1351555.7,1,
502,08:20:00,08:20:00,119,1,,,,,1,
502,08:43:00,08:45:00,436,2,,,,34351.2,1,
502,08:56:00,09:01:00,600,3,,,,55530.4,1,
502,09:37:00,09:38:00,1,4,,,,89237.5,1,
502,09:57:00,09:58:00,185,5,,,,114301.8,1,
502,10:20:00,10:20:00,346,6,New York,,,132308.8,1,
502,10:44:00,11:50:00,403,7,New York,,,133004.1,1,
502,12:25:00,12:25:00,201,8,New York,,,174010.7,1,
502,12:40:00,12:40:00,357,9,New York,,,186777.1,1,
502,13:34:00,13:34:00,191,10,New York,,,284343.3,1,
502,14:44:00,14:54:00,614,11,New York,,,412607.0,1,
502,15:36:00,15:36:00,259,12,New York,,,477238.5,1,
502,15:53:00,15:53:00,366,13,New York,,,499380.2,1,
502,16:55:00,16:55:00,173,14,New York,,,595507.0,1,
502,17:44:00,17:44:00,25,15,New York,,,624007.0,1,
502,18:07:00,18:35:00,189,16,New York,,,652527.4,1,
502,18:58:00,18:58:00,260,17,New York,,,696905.0,1,
502,19:20:00,19:20:00,222,18,New York,,,737696.1,1,
502,19:36:00,19:36:00,240,19,New York,,,762824.7,1,
502,20:17:00,20:17:00,210,20,New York,,,827923.0,1,
502,20:37:00,20:37:00,345,21,New York,,,856987.6,1,
502,21:16:00,21:16:00,120,22,New York,,,880143.0,1,
503,07:16:00,07:16:00,120,1,,,,,1,
503,07:44:00,07:44:00,345,2,,,,23155.5,1,
503,08:03:00,08:03:00,210,3,,,,52220.0,1,
503,08:45:00,08:45:00,240,4,,,,117318.4,1,
503,09:00:00,09:00:00,222,5,,,,142447.0,1,
503,09:21:00,09:21:00,260,6,,,,183238.1,1,
503,09:50:00,10:10:00,189,7,,,,227615.7,1,
503,10:34:00,10:34:00,25,8,,,,256136.2,1,
503,10:52:00,10:52:00,173,9,,,,284636.1,1,
503,11:50:00,11:50:00,366,10,,,,380762.8,1,
503,12:03:00,12:03:00,259,11,,,,402904.6,1,
503,12:47:00,12:57:00,614,12,,,,467536.0,1,
503,14:13:00,14:13:00,191,13,,,,595799.7,1,
503,15:19:00,15:19:00,357,14,,,,693365.9,1,
503,15:32:00,15:32:00,201,15,,,,706132.4,1,
503,16:42:00,16:50:00,403,16,,,,747138.9,1,
503,16:58:00,17:45:00,346,17,,,,747834.2,1,
503,18:06:00,18:08:00,185,18,,,,765841.3,1,
503,18:26:00,18:27:00,1,19,,,,790905.5,1,
503,19:02:00,19:04:00,600,20,,,,824612.6,1,
503,19:16:00,19:19:00,436,21,,,,845791.8,1,
503,19:43:00,19:43:00,119,22,Toronto,,,880143.1,1,
500,08:40:00,08:40:00,341,1,,,,,1,
500,08:55:00,08:56:00,280,2,,,,21740.2,1,
500,09:27:00,09:29:00,14,3,,,,62454.5,1,
500,09:52:00,09:54:00,93,4,,,,94668.9,1,
500,10:45:00,10:46:00,11,5,,,,129441.7,1,
500,11:14:00,11:16:00,7,6,,,,147306.1,1,
500,12:02:00,12:04:00,114,7,,,,188934.4,1,
500,12:24:00,12:26:00,70,8,,,,211331.1,1,
500,12:47:00,12:49:00,6,9,,,,242457.3,1,
500,12:59:00,13:01:00,322,10,,,,255373.8,1,
500,13:11:00,13:13:00,34,11,,,,265789.6,1,
500,13:38:00,13:38:00,119,12,,,,289524.0,1,
467,06:25:00,06:25:00,226,1,,,,0.1,1,
467,06:38:00,06:40:00,343,2,,,1,6108.7,1,
467,07:06:00,07:08:00,631,3,,,,53239.5,1,
467,07:43:00,07:45:00,630,4,,,,99925.2,1,
467,09:25:00,09:27:00,629,5,,1,,250056.6,1,
467,09:52:00,09:52:00,628,6,,,,269848.1,1,
466,17:41:00,17:41:00,628,1,,,,,1,
466,18:06:00,18:08:00,629,2,,,1,19791.5,1,
466,19:42:00,19:44:00,630,3,,,,169923.0,1,
466,20:18:00,20:20:00,631,4,,,,216608.7,1,
466,20:45:00,20:47:00,343,5,,1,,263741.1,1,
466,21:00:00,21:00:00,226,6,,,,269848.1,1,
461,08:29:00,08:29:00,617,1,,,,1.0,1,
461,08:45:00,08:50:00,576,2,,,1,15133.5,1,
461,09:17:00,09:20:00,377,3,,,,64608.5,1,
461,09:49:00,09:52:00,35,4,,,,110328.3,1,
461,10:32:00,10:36:00,58,5,,,,190811.8,1,
461,10:57:00,10:59:00,309,6,,,,227489.3,1,
461,11:17:00,11:20:00,415,7,,,,262375.3,1,
461,11:31:00,11:33:00,413,8,,,,281895.8,1,
461,11:57:00,11:59:00,178,9,,,,332108.7,1,
461,12:07:00,12:09:00,9,10,,,,342938.6,1,
461,12:35:00,12:38:00,367,11,,,,393279.6,1,
461,12:58:00,13:00:00,450,12,,1,,423920.3,1,
461,13:18:00,13:18:00,119,13,,,,444120.3,1,
460,16:32:00,16:32:00,119,1,,,,,1,
460,16:50:00,16:52:00,450,2,,,1,20200.0,1,
460,17:09:00,17:11:00,367,3,,,,50840.7,1,
460,18:13:00,18:15:00,415,4,,,,181745.0,1,
460,20:23:00,20:26:00,576,5,,1,,428986.8,1,
460,20:46:00,20:46:00,617,6,,,,444119.3,1,
463,15:25:00,15:25:00,617,1,,,,1.0,1,
463,15:42:00,15:45:00,576,2,,,1,15133.5,1,
463,16:43:00,16:46:00,35,3,,,,110328.3,1,
463,17:27:00,17:31:00,58,4,,,,190811.8,1,
463,17:53:00,17:55:00,309,5,,,,227489.3,1,
463,18:14:00,18:16:00,415,6,,,,262375.3,1,
463,18:28:00,18:30:00,413,7,,,,281895.8,1,
463,18:55:00,18:57:00,178,8,,,,332108.7,1,
463,19:05:00,19:07:00,9,9,,,,342938.6,1,
463,19:35:00,19:37:00,367,10,,,,393279.6,1,
463,20:18:00,20:18:00,119,11,,,,444120.3,1,
462,10:24:00,10:24:00,617,1,,,,1.0,1,
462,10:40:00,10:44:00,576,2,,,1,15133.5,1,
462,12:26:00,12:31:00,58,3,,,,190811.8,1,
462,14:48:00,14:48:00,119,4,,,,444120.3,1,
91,17:32:00,17:32:00,119,1,,,,,1,
91,17:50:00,17:52:00,450,2,,,1,20200.0,1,
91,18:08:00,18:11:00,367,3,,,,50840.7,1,
91,18:37:00,18:39:00,9,4,,,,101181.7,1,
91,18:46:00,18:48:00,178,5,,,,112011.6,1,
91,19:13:00,19:15:00,413,6,,,,162224.4,1,
91,19:27:00,19:30:00,415,7,,,,181745.0,1,
91,19:48:00,19:50:00,309,8,,,,216631.0,1,
91,20:09:00,20:12:00,58,9,,,,253308.5,1,
91,20:54:00,20:56:00,35,10,,,,333792.0,1,
91,21:25:00,21:27:00,377,11,,,,379511.8,1,
91,21:52:00,21:55:00,576,12,,1,,428986.8,1,
91,22:13:00,22:13:00,617,13,,,,444119.3,1,
93,11:43:00,11:43:00,617,1,,,,1.0,1,
93,12:00:00,12:05:00,576,2,,,1,15133.5,1,
93,13:01:00,13:05:00,35,3,,,,110328.3,1,
93,13:31:00,13:32:00,200,4,,,,155813.7,1,
93,13:54:00,13:58:00,58,5,,,,190811.8,1,
93,14:36:00,14:39:00,415,6,,,,262375.3,1,
93,15:12:00,15:15:00,178,7,,,,332108.7,1,
93,15:48:00,15:51:00,367,8,,,,393279.6,1,
93,16:13:00,16:15:00,450,9,,1,,423920.3,1,
93,16:33:00,16:33:00,119,10,,,,444120.3,1,
95,14:17:00,14:17:00,617,1,,,,1.0,1,
95,15:03:00,15:05:00,344,2,,,,86059.5,1,
95,15:26:00,15:27:00,351,3,,,,123189.6,1,
95,15:49:00,15:53:00,332,4,,,,167336.8,1,
95,16:15:00,16:40:00,226,5,,,,185451.1,1,
95,16:53:00,16:54:00,343,6,,,,191559.8,1,
95,17:20:00,17:21:00,631,7,,,,238690.8,1,
95,18:05:00,18:07:00,630,8,,,,285376.4,1,
95,19:44:00,19:46:00,492,9,,,,430262.6,1,
95,19:52:00,19:54:00,629,10,,1,,435508.0,1,
95,20:19:00,20:19:00,628,11,,,,455299.5,1,
397,09:28:00,09:28:00,460,1,,,,,1,
397,09:42:00,09:42:00,381,2,,,,,1,
397,09:58:00,09:58:00,125,3,,,,,1,
397,10:06:00,10:06:00,55,4,,,,,1,
397,10:25:00,10:25:00,129,5,,,,,1,
397,10:32:00,10:32:00,369,6,,,,,1,
397,10:43:00,10:43:00,423,7,,,,,1,
397,10:46:00,10:46:00,163,8,,,,,1,
397,10:55:00,10:55:00,405,9,,,,,1,
397,10:56:00,10:56:00,394,10,,,,,1,
397,11:03:00,11:03:00,190,11,,,,,1,
397,11:08:00,11:08:00,193,12,,,,,1,
397,11:10:00,11:10:00,160,13,,,,,1,
397,11:14:00,11:14:00,392,14,,,,,1,
397,11:22:00,11:22:00,253,15,,,,,1,
397,11:33:00,11:33:00,180,16,,,,,1,
397,11:42:00,11:45:00,390,17,,,,,1,
397,11:55:00,11:55:00,276,18,,,,,1,
397,12:06:00,12:06:00,303,19,,,,,1,
397,12:14:00,12:14:00,448,20,,,,,1,
397,12:25:00,12:25:00,182,21,,,,,1,
397,12:32:00,12:32:00,286,22,,,,,1,
397,12:36:00,12:36:00,384,23,,,,,1,
397,12:46:00,12:46:00,292,24,,,,,1,
397,13:06:00,13:09:00,426,25,,,,,1,
397,13:24:00,13:24:00,215,26,,,,,1,
397,13:32:00,13:32:00,32,27,,,,,1,
397,13:35:00,13:35:00,212,28,,,,,1,
397,13:49:00,13:49:00,216,29,,,,,1,
397,14:02:00,14:02:00,417,30,,,,,1,
397,14:13:00,14:13:00,397,31,,,,,1,
397,14:19:00,14:19:00,321,32,,,,,1,
397,14:26:00,14:26:00,306,33,,,,,1,
397,14:28:00,14:29:00,49,34,,,,,1,
397,14:31:00,14:31:00,295,35,,,,,1,
397,14:40:00,14:40:00,407,36,,,,,1,
397,14:46:00,14:46:00,339,37,,,,,1,
397,14:54:00,14:54:00,168,38,,,,,1,
397,15:00:00,15:00:00,83,39,,,,,1,
397,15:08:00,15:08:00,299,40,,,,,1,
397,15:10:00,15:10:00,171,41,,,,,1,
397,15:24:00,15:24:00,425,42,,,,,1,
397,15:37:00,15:37:00,203,43,,,,,1,
397,15:57:00,15:57:00,320,44,,,,,1,
397,16:00:00,16:00:00,411,45,,,,,1,
397,16:08:00,16:08:00,147,46,,,,,1,
397,16:28:00,16:29:00,441,47,,,,,1,
397,16:40:00,16:50:00,433,48,,,,,1,
397,18:15:00,18:30:00,437,49,,,,,1,
397,18:48:00,18:49:00,38,50,,3,3,,1,
397,19:02:00,19:04:00,126,51,,3,3,,1,
397,19:15:00,19:15:00,132,52,,3,3,,1,
397,19:23:00,19:27:00,459,53,,,,,1,
397,19:46:00,19:47:00,82,54,,3,3,,1,
397,19:56:00,19:56:00,130,55,,3,3,,1,
397,20:09:00,20:09:00,43,56,,3,3,,1,
397,20:38:00,20:41:00,457,57,,,,,1,
397,21:21:00,21:22:00,633,58,,,,,1,
397,21:35:00,21:37:00,634,59,,,,,1,
397,22:46:00,22:46:00,226,60,,,,,1,
554,07:00:00,07:00:00,332,1,Aroport Montral Pierre-Elliott Trudeau,,,,,
554,07:10:00,07:10:00,555,2,Dorval,,,,,
554,07:25:00,07:25:00,332,3,Aroport Montral Pierre-Elliott Trudeau,,,,,
489,11:30:00,11:30:00,119,1,,,,,1,
489,11:51:00,11:55:00,436,2,,,,34351.2,1,
489,12:09:00,12:13:00,600,3,,,,55530.4,1,
489,12:40:00,12:42:00,162,4,,,,96184.6,1,
489,13:09:00,13:10:00,282,5,,,,138866.1,1,
489,13:38:00,13:45:00,93,6,,,,184728.4,1,
489,14:50:00,14:54:00,601,7,,,,288203.1,1,
489,15:45:00,15:45:00,618,8,,,,358768.9,1,
488,06:50:00,06:50:00,119,1,,,,,1,
488,07:13:00,07:15:00,436,2,,,,34351.2,1,
488,07:29:00,07:31:00,600,3,,,,55530.4,1,
488,07:55:00,07:59:00,162,4,,,,96184.6,1,
488,08:30:00,08:31:00,282,5,,,,138866.1,1,
488,08:43:00,08:44:00,323,6,,,,154013.8,1,
488,09:06:00,09:11:00,93,7,,,,184728.4,1,
488,09:39:00,09:40:00,78,8,,,,233692.2,1,
488,10:18:00,10:19:00,601,9,,,,288203.1,1,
488,11:08:00,11:08:00,618,10,,,,358768.9,1,
487,16:51:00,16:51:00,617,1,,,,1.0,1,
487,17:09:00,17:12:00,576,2,,,1,15133.5,1,
487,18:55:00,18:58:00,58,3,,,,190811.8,1,
487,20:36:00,20:38:00,367,4,,,,393279.6,1,
487,20:58:00,21:00:00,450,5,,1,,423920.3,1,
487,21:18:00,21:18:00,119,6,,,,444120.3,1,
486,12:23:00,12:23:00,617,1,,,,1.0,1,
486,12:40:00,12:44:00,576,2,,,1,15133.5,1,
486,13:18:00,13:20:00,377,3,,,,64608.5,1,
486,13:54:00,13:57:00,35,4,,,,110328.3,1,
486,14:22:00,14:24:00,200,5,,,,155813.7,1,
486,14:45:00,14:49:00,58,6,,,,190811.8,1,
486,15:26:00,15:30:00,415,7,,,,262375.3,1,
486,16:33:00,16:36:00,367,8,,,,393279.6,1,
486,16:58:00,17:00:00,450,9,,1,,423920.3,1,
486,17:18:00,17:18:00,119,10,,,,444120.3,1,
485,09:35:00,09:35:00,617,1,,,,1.0,1,
485,09:52:00,09:56:00,576,2,,,1,15133.5,1,
485,11:31:00,11:35:00,58,3,,,,190811.8,1,
485,13:28:00,13:30:00,450,4,,1,,423920.3,1,
485,13:48:00,13:48:00,119,5,,,,444120.3,1,
484,04:13:00,04:13:00,617,1,,,,1.0,1,
484,04:30:00,04:33:00,576,2,,,1,15133.5,1,
484,05:00:00,05:02:00,377,3,,,,64608.5,1,
484,05:32:00,05:34:00,35,4,,,,110328.3,1,
484,06:16:00,06:19:00,58,5,,,,190811.8,1,
484,06:56:00,06:59:00,415,6,,,,262375.3,1,
484,07:31:00,07:33:00,178,7,,,,332108.7,1,
484,07:41:00,07:43:00,9,8,,,,342938.6,1,
484,08:48:00,08:48:00,119,9,,,,444120.3,1,
434,06:07:00,06:07:00,617,1,,,1,1.0,1,
434,06:33:00,06:34:00,419,2,,,,46672.4,1,
434,06:55:00,06:57:00,344,3,,,,86059.5,1,
434,07:23:00,07:25:00,351,4,,,,123189.6,1,
434,07:47:00,07:49:00,332,5,,,,167336.8,1,
434,08:11:00,08:36:00,226,6,,,,185451.1,1,
434,08:49:00,08:50:00,343,7,,,,191559.8,1,
434,09:16:00,09:17:00,631,8,,,,238690.8,1,
434,09:44:00,09:46:00,630,9,,,,285376.4,1,
434,11:19:00,11:22:00,629,10,,1,,435508.0,1,
434,11:47:00,11:47:00,628,11,,,,455299.5,1,
481,18:32:00,18:32:00,119,1,,,,,1,
481,18:50:00,18:52:00,450,2,,,1,20200.0,1,
481,19:08:00,19:11:00,367,3,,,,50840.7,1,
481,19:36:00,19:38:00,9,4,,,,101181.7,1,
481,19:45:00,19:47:00,178,5,,,,112011.6,1,
481,20:12:00,20:14:00,413,6,,,,162224.4,1,
481,20:25:00,20:28:00,415,7,,,,181745.0,1,
481,20:46:00,20:47:00,309,8,,,,216631.0,1,
481,21:06:00,21:09:00,58,9,,,,253308.5,1,
481,21:28:00,21:29:00,200,10,,,,288306.6,1,
481,21:53:00,21:55:00,35,11,,,,333792.0,1,
481,22:24:00,22:26:00,377,12,,,,379511.8,1,
481,22:51:00,22:54:00,576,13,,1,,428986.8,1,
481,23:11:00,23:11:00,617,14,,,,444119.3,1,
433,08:20:00,08:20:00,226,1,,,,0.1,1,
433,08:33:00,08:34:00,343,2,,,1,6108.7,1,
433,09:00:00,09:02:00,631,3,,,,53239.5,1,
433,09:29:00,09:31:00,630,4,,,,99925.2,1,
433,11:11:00,11:14:00,629,5,,1,,250056.6,1,
433,11:39:00,11:39:00,628,6,,,,269848.1,1,
472,08:46:00,08:46:00,226,1,,,,0.1,1,
472,09:11:00,09:15:00,332,2,,,1,18114.0,1,
472,10:04:00,10:07:00,602,3,,,,110627.2,1,
472,10:54:00,10:56:00,35,4,,,,204302.6,1,
472,11:39:00,11:42:00,58,5,,,,284786.1,1,
472,12:20:00,12:23:00,415,6,,,,356349.6,1,
472,12:58:00,13:01:00,178,7,,,,426083.1,1,
472,13:34:00,13:37:00,367,8,,,,487254.0,1,
472,13:58:00,14:00:00,450,9,,1,,517894.4,1,
472,14:18:00,14:18:00,119,10,,,,538094.4,1,
473,10:49:00,10:49:00,226,1,,,,0.1,1,
473,11:12:00,11:17:00,332,2,,,1,18114.0,1,
473,12:06:00,12:09:00,602,3,,,,110627.2,1,
473,13:36:00,13:40:00,58,4,,,,284786.1,1,
473,14:20:00,14:23:00,415,5,,,,356349.6,1,
473,14:58:00,15:01:00,178,6,,,,426083.1,1,
473,15:34:00,15:37:00,367,7,,,,487254.0,1,
473,15:58:00,16:00:00,450,8,,1,,517894.4,1,
473,16:18:00,16:18:00,119,9,,,,538094.4,1,
470,17:55:00,17:55:00,617,1,,,,1.0,1,
470,18:26:00,18:27:00,419,2,,,,46672.4,1,
470,18:49:00,18:51:00,344,3,,,,86059.5,1,
470,19:33:00,19:35:00,332,4,,1,,167336.7,1,
470,19:57:00,19:57:00,226,5,,,,185450.6,1,
471,05:32:00,05:32:00,58,1,,,,0.1,1,
471,05:53:00,05:55:00,309,2,,,,36677.8,1,
471,06:14:00,06:16:00,415,3,,,,71563.6,1,
471,06:27:00,06:28:00,413,4,,,,91084.1,1,
471,06:57:00,07:00:00,178,5,,,,141297.0,1,
471,07:08:00,07:10:00,9,6,,,,152126.8,1,
471,07:38:00,07:40:00,367,7,,,,202467.9,1,
471,07:59:00,08:01:00,450,8,,1,,233108.3,1,
471,08:25:00,08:25:00,119,9,,,,253308.3,1,
476,15:17:00,15:17:00,119,1,,,,,1,
476,15:35:00,15:37:00,450,2,,,1,20200.0,1,
476,15:54:00,15:57:00,367,3,,,,50840.5,1,
476,17:00:00,17:04:00,415,4,,,,181744.8,1,
476,17:40:00,17:44:00,58,5,,,,253308.3,1,
476,19:07:00,19:10:00,602,6,,,,427467.3,1,
476,19:58:00,20:02:00,332,7,,1,,519980.4,1,
476,20:25:00,20:25:00,226,8,,,,538094.4,1,
477,06:32:00,06:32:00,119,1,,,,,1,
477,06:50:00,06:52:00,450,2,,,1,20200.0,1,
477,07:08:00,07:12:00,367,3,,,,50840.7,1,
477,07:43:00,07:46:00,178,4,,,,112011.6,1,
477,08:18:00,08:21:00,415,5,,,,181745.0,1,
477,08:57:00,09:02:00,58,6,,,,253308.5,1,
477,09:54:00,10:00:00,35,7,,,,333792.0,1,
477,10:29:00,10:31:00,377,8,,,,379511.8,1,
477,11:01:00,11:04:00,576,9,,1,,428986.8,1,
477,11:21:00,11:21:00,617,10,,,,444119.3,1,
474,19:35:00,19:35:00,119,1,,,,,1,
474,20:06:00,20:07:00,367,2,,,,50840.5,1,
474,20:33:00,20:34:00,9,3,,,,101181.5,1,
474,20:41:00,20:42:00,178,4,,,,112011.4,1,
474,21:18:00,21:19:00,415,5,,,,181744.8,1,
474,21:56:00,21:56:00,58,6,,,,253308.3,1,
475,11:32:00,11:32:00,119,1,,,,,1,
475,11:50:00,11:52:00,450,2,,,1,20200.0,1,
475,12:09:00,12:13:00,367,3,,,,50840.5,1,
475,12:46:00,12:49:00,178,4,,,,112011.4,1,
475,13:22:00,13:26:00,415,5,,,,181744.8,1,
475,14:03:00,14:08:00,58,6,,,,253308.3,1,
475,14:52:00,14:56:00,35,7,,,,333791.8,1,
475,15:42:00,15:46:00,602,8,,,,427467.3,1,
475,16:37:00,16:41:00,332,9,,1,,519980.4,1,
475,17:05:00,17:05:00,226,10,,,,538094.4,1,
478,14:17:00,14:17:00,119,1,,,,,1,
478,14:54:00,14:57:00,367,2,,,,50840.7,1,
478,16:32:00,16:37:00,58,3,,,,253308.5,1,
478,17:19:00,17:21:00,35,4,,,,333792.0,1,
478,17:50:00,17:52:00,377,5,,,,379511.8,1,
478,18:22:00,18:26:00,576,6,,1,,428986.8,1,
478,18:43:00,18:43:00,617,7,,,,444119.3,1,
479,15:32:00,15:32:00,119,1,,,,,1,
479,15:50:00,15:52:00,450,2,,,1,20200.0,1,
479,16:09:00,16:12:00,367,3,,,,50840.7,1,
479,16:43:00,16:45:00,178,4,,,,112011.6,1,
479,17:54:00,17:58:00,58,5,,,,253308.5,1,
479,18:40:00,18:42:00,35,6,,,,333792.0,1,
479,19:40:00,19:43:00,576,7,,1,,428986.8,1,
479,20:00:00,20:00:00,617,8,,,,444119.3,1,
557,06:20:00,06:20:00,226,1,,,,0.1,1,
557,06:44:00,06:47:00,332,2,,,1,18114.0,1,
557,07:36:00,07:38:00,344,3,,,,99391.1,1,
557,07:59:00,08:00:00,419,4,,,,138778.3,1,
557,08:25:00,08:25:00,617,5,,,,185450.7,1,
556,10:00:00,10:00:00,628,1,,,,,1,
556,10:25:00,10:28:00,629,2,,,,19791.5,1,
556,12:08:00,12:10:00,630,3,,,,169923.1,1,
556,13:16:00,13:18:00,343,4,,,,263741.3,1,
556,13:31:00,13:56:00,226,5,,,,269848.3,1,
556,14:20:00,14:22:00,332,6,,,,287962.7,1,
556,15:10:00,15:11:00,344,7,,,,369239.9,1,
556,15:56:00,15:56:00,617,8,,,,455299.5,1,
558,07:45:00,07:45:00,617,1,,,,1.0,1,
558,08:31:00,08:33:00,344,2,,,,86059.5,1,
558,09:16:00,09:18:00,332,3,,,,167336.8,1,
558,09:39:00,10:15:00,226,4,,,,185451.1,1,
558,10:28:00,10:30:00,343,5,,,,191559.8,1,
558,11:06:00,11:07:00,631,6,,,,238690.8,1,
558,11:34:00,11:36:00,630,7,,,,285376.4,1,
558,13:13:00,13:14:00,492,8,,,,430262.6,1,
558,13:20:00,13:23:00,629,9,,,,435508.0,1,
558,13:48:00,13:48:00,628,10,,,,455299.5,1,
